14.134725141735
21.022039638772
25.010857580146
30.424876125860
32.935061587739
37.586178158826
40.918719012147
43.327073280915
48.005150881167
49.773832477672
123.4156989728
116.5297934175
112.3428990467
109.7937609553
108.3092270379
107.5529167608
107.3146358883
107.4564427204
107.8841766196
108.5314514010
109.3501824045
110.3047356698
111.3681813766
112.5198193477
113.7435002873
115.0264598198
116.3584917369
117.7313508729
119.1383146641
120.5738564108
122.0333984955
123.5131237028
125.0098293471
126.5208133404
128.0437843674
129.5767904520
131.1181616934
132.6664640188
134.2204615748
135.7790859464
137.3414108124
138.9066309589
140.4740448097
142.0430398134
143.6130801601
145.1836964141
146.7544767251
148.3250593496
149.8951262625
151.4643976824
153.0326273630
154.5995985304
156.1651203689
157.7290249708
159.2911646825
160.8514097897
162.4096464931
163.9657751338
165.5197086346
167.0713711278
168.6206967449
170.1676285466
171.7121175753
173.2541220155
174.7936064466
176.3305411788
177.8649016611
179.3966679524
180.9258242496
182.4523584644
183.9762618444
185.4975286335
187.0161557664
188.5321425940
190.0454906363
191.5562033598
193.0642859768
194.5697452638
196.0725893982
197.5728278103
199.0704710491
200.5655306615
202.0580190821
203.5479495344
205.0353359397
206.5201928361
208.0025353040
209.4823788983
210.9597395878
212.4346336993
213.9070778671
215.3770889871
216.8446841754
218.3098807302
219.7726960973
221.2331478392
222.6912536063
224.1470311116
225.6004981072
227.0516723626
228.5005716465
229.9472137084
231.3916162634
232.8337969781
234.2737734574
235.7115632328
237.1471837526
238.5806523721
240.0119863451
241.4412028166
242.8683188161
244.2933512516
245.7163169043
247.1372324238
248.5561143242
249.9729789804
251.3878426253
252.8007213465
254.2116310848
255.6205876317
257.0276066282
258.4327035632
259.8358937729
261.2371924400
262.6366145928
264.0341751054
265.4298886975
266.8237699342
268.2158332267
269.6060928323
270.9945628552
272.3812572469
273.7661898071
275.1493741846
276.5308238781
277.9105522374
279.2885724642
280.6648976136
282.0395405950
283.4125141735
284.7838309712
286.1535034686
287.5215440059
288.8879647843
290.2527778678
291.6159951840
292.9776285263
294.3376895550
295.6961897987
297.0531406561
298.4085533973
299.7624391654
301.1148089779
302.4656737284
303.8150441881
305.1629310071
306.5093447162
307.8542957280
309.1977943388
310.5398507300
311.8804749694
313.2196770128
314.5574667054
315.8938537833
317.2288478748
318.5624585022
319.8946950825
321.2255669295
322.5550832549
323.8832531695
325.2100856849
326.5355897143
327.8597740744
329.1826474865
330.5042185775
331.8244958815
333.1434878411
334.4612028083
335.7776490460
337.0928347289
338.4067679453
339.7194566976
341.0309089037
342.3411323984
343.6501349341
344.9579241822
346.2645077341
347.5698931022
348.8740877212
350.1770989489
351.4789340672
352.7796002836
354.0791047314
355.3774544715
356.6746564928
357.9707177135
359.2656449818
360.5594450769
361.8521247101
363.1436905256
364.4341491012
365.7235069493
367.0117705180
368.2989461915
369.5850402914
370.8700590772
372.1540087471
373.4368954392
374.7187252317
375.9995041442
377.2792381382
378.5579331177
379.8355949304
381.1122293679
382.3878421671
383.6624390100
384.9360255252
386.2086072882
387.4801898221
388.7507785984
390.0203790375
391.2889965094
392.5566363344
393.8233037838
395.0890040801
396.3537423981
397.6175238654
398.8803535626
400.1422365244
401.4031777399
402.6631821531
403.9222546637
405.1804001274
406.4376233566
407.6939291209
408.9493221474
410.2038071218
411.4573886881
412.7100714497
413.9618599699
415.2127587717
416.4627723393
417.7119051178
418.9601615138
420.2075458961
421.4540625960
422.6997159077
423.9445100889
425.1884493611
426.4315379098
427.6737798856
428.9151794037
430.1557405452
431.3954673569
432.6343638518
433.8724340096
435.1096817772
436.3461110688
437.5817257663
438.8165297201
440.0505267488
441.2837206400
442.5161151506
443.7477140070
444.9785209055
446.2085395127
447.4377734660
448.6662263733
449.8939018141
451.1208033394
452.3469344719
453.5722987067
454.7968995112
456.0207403259
457.2438245641
458.4661556125
459.6877368318
460.9085715562
462.1286630944
463.3480147298
464.5666297201
465.7845112986
467.0016626735
468.2180870289
469.4337875246
470.6487672965
471.8630294569
473.0765770948
474.2894132758
475.5015410429
476.7129634163
477.9236833938
479.1337039509
480.3430280412
481.5516585968
482.7595985278
483.9668507235
485.1734180518
486.3793033599
487.5845094742
488.7890392010
489.9928953260
491.1960806151
492.3985978142
493.6004496498
494.8016388288
496.0021680390
497.2020399489
498.4012572086
499.5998224491
500.7977382832
501.9950073052
503.1916320915
504.3876152004
505.5829591725
506.7776665307
507.9717397808
509.1651814109
510.3579938925
511.5501796797
512.7417412102
513.9326809049
515.1230011685
516.3127043892
517.5017929391
518.6902691744
519.8781354356
521.0653940473
522.2520473187
523.4380975435
524.6235470005
525.8083979530
526.9926526496
528.1763133241
529.3593821955
530.5418614683
531.7237533328
532.9050599646
534.0857835257
535.2659261636
536.4454900123
537.6244771918
538.8028898087
539.9807299557
541.1579997127
542.3347011458
543.5108363082
544.6864072401
545.8614159688
547.0358645086
548.2097548615
549.3830890166
550.5558689506
551.7280966280
552.8997740010
554.0709030096
555.2414855819
556.4115236340
557.5810190702
558.7499737831
559.9183896538
561.0862685517
562.2536123349
563.4204228502
564.5867019331
565.7524514082
566.9176730889
568.0823687777
569.2465402663
570.4101893355
571.5733177559
572.7359272870
573.8980196781
575.0595966682
576.2206599858
577.3812113493
578.5412524670
579.7007850372
580.8598107480
582.0183312780
583.1763482957
584.3338634601
585.4908784204
586.6473948163
587.8034142782
588.9589384268
590.1139688738
591.2685072214
592.4225550629
593.5761139821
594.7291855543
595.8817713454
597.0338729127
598.1854918046
599.3366295608
600.4872877123
601.6374677815
602.7871712824
603.9363997203
605.0851545925
606.2334373875
607.3812495858
608.5285926599
609.6754680737
610.8218772835
611.9678217373
613.1133028752
614.2583221296
615.4028809249
616.5469806778
617.6906227974
618.8338086849
619.9765397342
621.1188173317
622.2606428560
623.4020176786
624.5429431636
625.6834206678
626.8234515406
627.9630371245
629.1021787546
630.2408777592
631.3791354593
632.5169531692
633.6543321960
634.7912738401
635.9277793952
637.0638501480
638.1994873786
639.3346923605
640.4694663605
641.6038106388
642.7377264492
643.8712150390
645.0042776490
646.1369155137
647.2691298613
648.4009219136
649.5322928862
650.6632439887
651.7937764244
652.9238913903
654.0535900777
655.1828736718
656.3117433516
657.4402002904
658.5682456556
659.6958806087
660.8231063053
661.9499238955
663.0763345235
664.2023393278
665.3279394413
666.4531359914
667.5779300997
668.7023228826
669.8263154508
670.9499089096
672.0731043590
673.1959028933
674.3183056019
675.4403135687
676.5619278723
677.6831495861
678.8039797784
679.9244195124
681.0444698459
682.1641318320
683.2834065184
684.4022949480
685.5207981588
686.6389171836
687.7566530505
688.8740067826
689.9909793983
691.1075719110
692.2237853295
693.3396206578
694.4550788951
695.5701610360
696.6848680705
697.7992009839
698.9131607569
700.0267483657
701.1399647819
702.2528109727
703.3652879007
704.4773965242
705.5891377971
706.7005126687
707.8115220842
708.9221669844
710.0324483056
711.1423669802
712.2519239360
713.3611200970
714.4699563825
715.5784337081
716.6865529850
717.7943151204
718.9017210174
720.0087715750
721.1154676883
722.2218102483
723.3278001420
724.4334382525
725.5387254590
726.6436626368
727.7482506572
728.8524903879
729.9563826925
731.0599284309
732.1631284592
733.2659836300
734.3684947917
735.4706627894
736.5724884643
737.6739726540
738.7751161925
739.8759199101
740.9763846335
742.0765111860
743.1763003871
744.2757530529
745.3748699961
746.4736520257
747.5720999474
748.6702145633
749.7679966723
750.8654470698
751.9625665476
753.0593558945
754.1558158958
755.2519473333
756.3477509859
757.4432276289
758.5383780344
759.6332029714
760.7277032055
761.8218794992
762.9157326118
764.0092632994
765.1024723150
766.1953604085
767.2879283267
768.3801768131
769.4721066084
770.5637184502
771.6550130729
772.7459912080
773.8366535841
774.9270009266
776.0170339581
777.1067533982
778.1961599635
779.2852543679
780.3740373221
781.4625095342
782.5506717093
783.6385245497
784.7260687548
785.8133050212
786.9002340428
787.9868565106
789.0731731130
790.1591845354
791.2448914607
792.3302945690
793.4153945377
794.5001920414
795.5846877522
796.6688823394
797.7527764699
798.8363708077
799.9196660143
801.0026627485
802.0853616668
803.1677634228
804.2498686678
805.3316780504
806.4131922166
807.4944118103
808.5753374723
809.6559698415
810.7363095539
811.8163572432
812.8961135408
813.9755790754
815.0547544735
816.1336403591
817.2122373538
818.2905460769
819.3685671452
820.4463011733
821.5237487734
822.6009105554
823.6777871268
824.7543790930
825.8306870567
826.9067116189
827.9824533778
829.0579129298
830.1330908686
831.2079877862
832.2826042719
833.3569409131
834.4309982949
835.5047770002
836.5782776098
837.6515007023
838.7244468541
839.7971166397
840.8695106312
841.9416293987
843.0134735102
844.0850435316
845.1563400268
846.2273635576
847.2981146835
848.3685939624
849.4388019498
850.5087391994
851.5784062628
852.6478036894
853.7169320271
854.7857918212
855.8543836156
856.9227079519
857.9907653699
859.0585564072
860.1260815998
861.1933414817
862.2603365848
863.3270674393
864.3935345734
865.4597385134
866.5256797840
867.5913589075
868.6567764049
869.7219327951
870.7868285950
871.8514643201
872.9158404837
873.9799575974
875.0438161711
876.1074167128
877.1707597289
878.2338457237
879.2966752001
880.3592486590
881.4215665996
882.4836295194
883.5454379142
884.6069922781
885.6682931034
886.7293408807
887.7901360990
888.8506792455
889.9109708058
890.9710112639
892.0308011019
893.0903408006
894.1496308387
895.2086716937
896.2674638413
897.3260077555
898.3843039088
899.4423527720
900.5001548144
901.5577105037
902.6150203059
903.6720846857
904.7289041058
905.7854790278
906.8418099114
907.8978972150
908.9537413952
910.0093429075
911.0647022054
912.1198197411
913.1746959654
914.2293313274
915.2837262749
916.3378812540
917.3917967095
918.4454730847
919.4989108213
920.5521103597
921.6050721388
922.6577965961
923.7102841674
924.7625352875
925.8145503895
926.8663299052
927.9178742647
928.9691838972
930.0202592301
931.0711006895
932.1217087003
933.1720836857
934.2222260679
935.2721362674
936.3218147036
937.3712617943
938.4204779562
939.4694636044
940.5182191530
941.5667450145
942.6150416002
943.6631093200
944.7109485826
945.7585597952
946.8059433640
947.8530996937
948.9000291878
949.9467322484
950.9932092765
952.0394606716
953.0854868323
954.1312881555
955.1768650372
956.2222178721
957.2673470534
958.3122529734
959.3569360229
960.4013965918
961.4456350684
962.4896518400
963.5334472928
964.5770218115
965.6203757799
966.6635095804
967.7064235944
968.7491182019
969.7915937818
970.8338507120
971.8758893691
972.9177101284
973.9593133644
975.0006994501
976.0418687575
977.0828216576
978.1235585199
979.1640797132
980.2043856049
981.2444765614
982.2843529478
983.3240151284
984.3634634661
985.4026983229
986.4417200596
987.4805290360
988.5191256107
989.5575101413
990.5956829843
991.6336444951
992.6713950281
993.7089349365
994.7462645727
995.7833842878
996.8202944319
997.8569953542
998.8934874027
999.9297709243
1000.9658462652
1002.0017137703
1003.0373737835
1004.0728266477
1005.1080727049
1006.1431122959
1007.1779457606
1008.2125734380
1009.2469956659
1010.2812127812
1011.3152251200
1012.3490330170
1013.3826368062
1014.4160368207
1015.4492333924
1016.4822268524
1017.5150175308
1018.5476057566
1019.5799918580
1020.6121761623
1021.6441589957
1022.6759406835
1023.7075215502
1024.7389019190
1025.7700821126
1026.8010624526
1027.8318432596
1028.8624248533
1029.8928075526
1030.9229916753
1031.9529775386
1032.9827654584
1034.0123557499
1035.0417487276
1036.0709447047
1037.0999439937
1038.1287469064
1039.1573537534
1040.1857648446
1041.2139804890
1042.2420009946
1043.2698266688
1044.2974578180
1045.3248947475
1046.3521377622
1047.3791871657
1048.4060432611
1049.4327063504
1050.4591767349
1051.4854547150
1052.5115405902
1053.5374346595
1054.5631372205
1055.5886485705
1056.6139690056
1057.6390988213
1058.6640383123
1059.6887877723
1060.7133474943
1061.7377177705
1062.7618988923
1063.7858911503
1064.8096948341
1065.8333102329
1066.8567376348
1067.8799773271
1068.9030295966
1069.9258947290
1070.9485730093
1071.9710647219
1072.9933701502
1074.0154895770
1075.0374232842
1076.0591715530
1077.0807346639
1078.1021128964
1079.1233065296
1080.1443158415
1081.1651411096
1082.1857826106
1083.2062406203
1084.2265154140
1085.2466072660
1086.2665164501
1087.2862432392
1088.3057879056
1089.3251507207
1090.3443319555
1091.3633318798
1092.3821507631
1093.4007888740
1094.4192464804
1095.4375238495
1096.4556212478
1097.4735389411
1098.4912771944
1099.5088362722
1100.5262164381
1101.5434179551
1102.5604410855
1103.5772860910
1104.5939532324
1105.6104427699
1106.6267549633
1107.6428900712
1108.6588483519
1109.6746300629
1110.6902354612
1111.7056648028
1112.7209183432
1113.7359963374
1114.7508990395
1115.7656267031
1116.7801795809
1117.7945579253
1118.8087619879
1119.8227920194
1120.8366482702
1121.8503309899
1122.8638404275
1123.8771768313
1124.8903404491
1125.9033315279
1126.9161503141
1127.9287970536
1128.9412719915
1129.9535753723
1130.9657074401
1131.9776684381
1132.9894586089
1134.0010781947
1135.0125274370
1136.0238065765
1137.0349158534
1138.0458555075
1139.0566257777
1140.0672269024
1141.0776591195
1142.0879226662
1143.0980177790
1144.1079446941
1145.1177036468
1146.1272948719
1147.1367186038
1148.1459750760
1149.1550645217
1150.1639871734
1151.1727432629
1152.1813330216
1153.1897566804
1154.1980144692
1155.2061066179
1156.2140333554
1157.2217949102
1158.2293915102
1159.2368233827
1160.2440907547
1161.2511938522
1162.2581329009
1163.2649081261
1164.2715197521
1165.2779680031
1166.2842531025
1167.2903752732
1168.2963347376
1169.3021317174
1170.3077664340
1171.3132391082
1172.3185499600
1173.3236992092
1174.3286870749
1175.3335137757
1176.3381795297
1177.3426845544
1178.3470290667
1179.3512132833
1180.3552374200
1181.3591016922
1182.3628063150
1183.3663515027
1184.3697374692
1185.3729644278
1186.3760325914
1187.3789421724
1188.3816933826
1189.3842864333
1190.3867215353
1191.3889988990
1192.3911187342
1193.3930812501
1194.3948866557
1195.3965351592
1196.3980269684
1197.3993622908
1198.4005413330
1199.4015643015
1200.4024314021
1201.4031428403
1202.4036988208
1203.4040995481
1204.4043452261
1205.4044360583
1206.4043722476
1207.4041539964
1208.4037815069
1209.4032549805
1210.4025746183
1211.4017406209
1212.4007531885
1213.3996125206
1214.3983188164
1215.3968722747
1216.3952730938
1217.3935214714
1218.3916176049
1219.3895616912
1220.3873539266
1221.3849945073
1222.3824836285
1223.3798214855
1224.3770082729
1225.3740441848
1226.3709294149
1227.3676641565
1228.3642486024
1229.3606829450
1230.3569673763
1231.3531020876
1232.3490872702
1233.3449231146
1234.3406098111
1235.3361475492
1236.3315365185
1237.3267769077
1238.3218689053
1239.3168126993
